477
840
870
994
1019
1043
1201
1670
1688
1818
1852
2011
2112
2137
2142
2159
2523
2524
2536
2582
2650
2741
3168
3206
3246
3493
3494
3596
3850
3902
3910
4219
4238
4310
4389
5046
5131
5173
5596
5656
5739
5875
5965
5968
6077
6139
6301
6624
7470
7593
7650
7657
7679
7741
7796
7797
7803
8627
8686
8784
9196
9201
9308
9309
9446
9480
9520
9682
9724
9926
9960
10074
10222
10543
10583
10611
10641
10833
10858
10905
10951
11134
11483
11775
11807
11997
12180
12351
12563
12589
12602
12612
12626
12628
12629
12634
12726
12904
13016
13272
13310
13359
13577
13692
13702
13716
13964
13974
14388
14620
14733
14825
14864
14875
14895
14949
15108
15161
15413
15696
16275
16448
16457
16593
16679
16701
16990
17027
17035
17145
17605
17619
17844
17946
18004
18257
18294
18366
18400
18721
18722
19135
19225
19344
19393
19408
19574
19697
20158
20235
20417
20474
20558
20614
20779
21283
21350
22266
22277
22289
22330
22360
22471
22554
22636
23043
23121
23242
23316
23378
23473
23597
23632
23775
23781
23834
23848
23887
23938
24128
24153
24158
24293
24693
24885
24943
25597
25664
25883
26281
26282
26700
26927
27092
27304
27373
27730
27823
27875
27982
28374
28461
28653
28724
28725
29037
29041
29168
29229
29666
29727
29747
30047
30408
30483
30732
30741
31371
31653
31728
31738
31740
31792
31924
31928
31984
32627
32703
32962
33019
33189
33267
33588
33745
33757
33805
33928
33983
34103
34383
34393
34394
34577
34582
34637
34715
35556
