195
492
495
899
1029
1549
1667
1689
1815
1816
1817
1820
1828
1885
2071
2109
2583
2756
2987
3223
3454
3483
3597
3598
3707
4083
4086
4172
4241
4244
4246
4447
4575
4718
4749
5065
5130
5176
5232
5688
6294
6323
6325
6625
6646
6650
6651
6652
6787
6827
6873
7024
7677
7943
8016
8017
8267
8503
8517
8592
8745
8807
8971
9293
9422
9581
9758
10388
10389
10554
10716
10760
10878
11411
11497
11716
11732
11886
11901
12014
12239
12347
12619
12690
12715
12932
13000
13328
13475
13540
13642
13684
13986
14010
14221
14375
14569
14570
14952
15403
15578
15690
16086
16124
16250
16256
16351
16440
16524
16719
16868
16870
16881
16899
16951
17073
17149
17228
17435
17438
17832
18005
18052
18054
18063
18198
18308
18367
18399
18402
18541
18700
18788
19035
19046
19086
19265
19388
19450
19478
19604
19622
20418
20775
20961
20998
21127
21130
21246
21336
21339
21590
21972
22396
22433
22504
22624
22630
22790
22959
23470
23588
23613
23844
23880
23939
24166
24630
24663
24685
24741
24743
24758
24798
24899
24924
25040
25077
25341
25482
25510
26038
26147
26209
26297
27091
27274
27281
27374
27375
27377
27757
27886
27981
27984
27993
28003
28651
28754
29038
29353
29505
29667
29909
30160
30270
30650
31450
31512
31514
31719
31907
31981
32609
32922
33493
33722
33723
33924
34088
34134
34663
34665
35093
35268
35390
35820
