150
162
250
251
328
421
422
531
852
941
1360
1462
1720
1931
1967
1979
2265
2328
3054
3055
3397
3466
3934
4098
4140
4486
4958
4978
5328
5624
6277
6595
6872
6945
7005
7039
7102
7194
7198
7234
7240
8097
8598
8823
8824
9050
9901
9977
9981
9982
10176
10183
10244
10285
10286
10298
10319
10667
11272
11274
11372
11652
11664
11695
11910
11978
12078
12357
12948
13043
13093
13118
13741
14158
14296
14309
14325
14336
14353
14625
14640
14662
14937
15044
15048
15049
15115
15165
15215
15323
15739
15840
15848
15909
15933
16044
16158
16414
16427
16469
16636
17108
17131
17248
17281
17299
17317
17318
17344
17400
17650
18335
18442
18443
18564
18624
18634
18733
18844
18847
18881
18888
18898
18900
18909
18924
18939
18940
18954
19330
19858
19938
20465
20640
20811
21159
21406
21475
21518
21715
21755
21788
21919
21955
22003
22044
22118
22125
22138
22139
22146
22198
22467
22779
22794
22812
22843
22844
22931
22948
23013
23510
23527
23530
23648
24171
24178
24230
24312
24318
24398
24445
24452
24460
24577
24590
24600
25411
25422
25425
25567
25654
25758
25821
25841
25925
26223
26470
26473
26483
26497
26519
26566
26606
26623
26647
26665
26824
26840
27040
27045
27560
27571
27955
27956
28126
28181
28206
28372
28387
28474
28524
28576
28600
28617
28769
28791
28801
28821
28897
28925
28986
28991
28992
29064
29072
29143
29149
29151
29153
29306
29321
29441
29481
29499
29526
29783
30083
30133
30287
30291
30327
30362
30368
30370
30471
30472
30475
30511
30519
30522
30596
30714
30717
30888
30923
30924
30969
30973
31021
31063
31064
31094
31095
31097
31151
31155
31190
31486
31842
31849
32014
32015
32068
32086
32087
32187
32202
32203
32391
32540
32551
32683
32688
32692
32820
32919
32932
32937
33136
33199
33270
33288
33628
33822
33868
33870
33879
33943
33945
33969
34180
34301
34324
34325
34329
34488
34489
34535
34536
34542
34545
34564
34827
34836
34851
34877
34878
34910
34976
34994
35008
35034
35059
35065
35066
35082
35107
35129
35458
35459
35537
35561
35590
35641
35752
35852
35855
35860
35863
35867
35871
35872
35874
