11
18
25
27
30
54
79
103
109
244
253
299
329
333
400
401
413
529
600
703
761
816
848
1160
1173
1860
2165
2184
2230
2238
2277
2313
3011
3053
3213
3326
3366
3420
4011
4042
4772
4910
4986
5329
5368
5544
6064
6084
6096
6115
6270
6307
6398
6421
6493
6682
7097
7105
7106
7109
7124
7136
7161
7168
7180
7191
7192
7193
7195
7196
7197
7230
7248
7249
7250
7273
7276
7315
7323
7409
7892
7913
8028
8242
8603
8607
8630
8805
8862
8889
8890
8903
8924
8942
9112
9619
9994
10185
10278
10283
10729
10792
11264
11268
11375
11914
12049
12063
12143
12396
12659
12741
12751
12800
12813
12814
12832
12853
12941
13071
13077
13082
13094
13119
13697
14285
14299
14351
14639
14755
14764
14811
14935
15035
15076
15095
15214
15225
15475
15543
15757
15792
15834
15938
15989
16142
16206
16325
16489
16974
17094
17252
17333
17334
17352
17354
17372
17373
17378
17386
17387
17391
17396
17397
17405
17651
17720
18009
18343
18510
18583
18587
18637
18707
18736
18738
18796
18850
18886
18890
18902
18918
18921
18922
18928
18930
18941
18943
18944
18945
18952
18958
18959
18961
18963
18996
18997
19224
19928
19985
20109
20329
20804
20823
20839
20855
20858
20862
20884
20886
20891
20894
20898
20915
20929
20968
20982
21008
21425
21460
21476
21479
21502
21507
21549
21628
21651
21719
21720
21735
21740
21742
21744
21748
21753
21759
21760
21763
21769
21781
21813
21824
21879
21882
21890
21893
21894
21895
21935
21951
22008
22040
22097
22576
22658
22777
22778
23014
23036
23038
23279
23421
23552
23566
23687
23708
23711
23886
24319
24405
24461
24462
25370
25424
25544
25557
25596
25769
25972
26323
26564
26580
26621
26622
26626
26627
26628
26643
26645
26670
26675
26769
26822
26827
26844
26853
27104
27389
27468
28017
28031
28038
28045
28064
28079
28081
28086
28099
28101
28132
28388
28548
28558
28560
28577
28584
28597
28619
28759
28825
28853
28864
28894
28902
28932
28934
29111
29142
29154
29158
29376
29382
29409
29460
29470
29528
29553
29554
29636
29850
29968
30134
30141
30230
30288
30290
30308
30311
30347
30353
30371
30405
30470
30490
30499
30718
30892
30927
30930
30979
31019
31057
31058
31098
31102
31106
31116
31148
31159
31189
31191
31193
31199
31202
31206
31212
31214
31216
31320
31582
31881
32003
32039
32077
32124
32125
32138
32151
32177
32212
32219
32328
32330
32374
32432
32523
32531
32553
32556
32646
32661
32836
32907
32931
32933
33056
33106
33133
33214
33277
33285
33292
33318
33332
33337
33343
33454
33469
33531
33541
33614
33630
33634
33927
34206
34475
34493
34511
34525
34530
34548
34555
34559
34856
34879
35032
35049
35071
35073
35075
35076
35080
35083
35165
35166
35179
35180
35212
35293
35308
35364
35477
35594
35703
35742
35868
35897
35911
35922
