Name
29666
29667
17228
13540
32922
12180
870
24685
27304
10389
10388
10951
18367
4172
10074
26297
18400
18399
2756
5875
11134
19225
10641
30270
18198
26038
8503
6873
24158
24166
492
5968
5965
12351
12563
11775
7943
7650
24153
1201
22266
28724
28725
23781
15413
15403
13974
7796
7797
3246
18721
18722
19478
35093
35556
35820
25883
25664
34383
33928
34088
34103
31728
24924
24758
28754
28653
28651
29168
16990
33267
32703
15161
14895
14620
18308
17438
17435
20158
30741
9308
9196
22277
13310
13577
12347
13642
13328
10905
10543
7593
4575
6077
5131
5130
4219
5656
4447
2011
1817
1818
3206
13716
9520
3494
3493
18402
26209
20474
17619
11411
19344
23938
23939
2137
14733
15696
24293
23242
23632
6325
6323
33757
33983
8686
32627
32609
1019
1029
9293
16086
3707
13964
13986
6652
6646
6625
6624
27993
20779
20775
16870
16868
33745
33805
29747
24943
21130
21127
16250
2071
23378
10611
31512
23121
840
17832
11807
13359
23597
2741
30732
18541
17145
16679
22396
27373
4389
4238
4244
20235
5596
9724
9422
23316
23834
23848
23887
23613
23588
25597
28003
29037
29909
29353
30408
31740
33019
1816
2524
2523
2536
2582
3596
3910
5046
5739
7024
7679
8807
9960
10878
11886
14010
14825
16256
16448
17605
18063
18052
18700
33722
19697
3902
9926
24663
13272
6139
2650
31653
9446
1670
27984
27982
10222
16701
34582
34637
1852
18257
18366
27757
14388
34715
22504
23473
23470
1885
6301
7470
4083
994
1043
18294
19622
20614
19408
20558
21350
21339
22289
22790
22636
20417
20998
22471
30047
27274
34663
20961
33189
12589
31371
16524
8971
35268
16457
5173
5176
477
7741
3168
5065
22360
31924
26927
31907
34394
34393
17035
10583
1828
9581
14952
9201
24128
27823
8592
29229
21283
8627
9682
27730
10858
15690
27875
23043
12628
27091
27092
12602
24693
14875
27981
12626
22330
7657
12612
26282
26281
29505
15108
11483
8017
8016
17027
8745
18004
18005
22959
32962
12629
19086
13684
11716
23775
19393
19388
29041
31981
31984
33588
12634
17844
13692
1667
33924
16124
30650
12726
21336
24630
17946
12715
31928
31738
3597
21246
10716
22624
11997
6787
8784
14949
10833
34577
24899
12932
195
9309
1689
29727
16275
11732
22630
2112
14221
14570
14569
25077
6294
3850
28461
24741
8517
6827
18788
11497
19135
19046
4749
13016
3454
3483
2159
3223
13702
13475
34665
25510
19604
3598
2583
24798
19035
4086
18054
2142
5232
4241
4246
25040
4310
33723
34134
27375
27374
1820
899
14864
24743
19574
1815
19450
13000
5688
14375
12239
6651
6650
35390
25482
495
8267
7677
7803
16951
22554
16593
27886
1549
30483
10760
17149
11901
9758
17073
4718
19265
20418
10554
12014
16351
16719
16881
16440
16899
21972
22433
21590
23844
26147
27281
28374
12690
12904
25341
9480
31514
26700
1688
31450
27377
31792
31719
33493
30160
12619
29038
23880
24885
2987
2109
15578
