7240
14325
15214
15475
30471
30470
30472
30362
30499
15049
15048
30714
28017
7168
7315
7323
33343
22948
21628
33136
33133
7097
17344
16414
21507
34535
16489
12813
31095
31102
31094
10319
28894
35082
33199
11272
11274
20915
25925
9977
10667
33277
28081
32086
32087
7913
20465
32138
32374
26483
4486
21748
21760
10729
34976
23886
32531
5328
5329
21715
30327
12063
35852
35872
35868
35867
35871
35863
6872
22576
32177
16427
26519
23421
33056
32391
7892
328
33541
33531
4011
21406
9050
30311
28759
8942
25758
23279
600
24318
24319
24312
24398
33822
7273
24460
24462
24461
5624
29553
25544
25557
26853
11914
18583
28584
32551
32014
35066
35065
35075
35076
35165
35166
35107
35034
35212
35561
35459
35458
35922
35703
35855
35874
25567
34511
34525
34530
33630
34536
33927
33870
28577
28769
28801
28821
28825
28992
28934
28932
29142
29143
29154
29153
28038
28597
28388
27571
17352
15938
32931
33318
32523
32556
32553
32836
32187
17299
33288
33292
32919
14662
14640
15757
15848
14764
15035
18944
25
19858
29554
29850
31106
30475
30490
30888
22467
21755
21720
21890
24577
23013
23036
23038
12357
12396
13077
24600
10298
12049
12078
7250
8862
8603
7276
8598
7005
6115
4042
6307
6084
162
329
333
531
3053
3054
3055
1160
32039
2184
3934
18634
26223
20329
22779
22794
8242
14811
32540
8924
28902
34206
13071
33634
1173
25425
25424
21742
33337
33332
15909
18736
18009
18939
18940
32646
20823
35083
35641
35179
35180
35752
26844
25654
30969
28031
32003
32432
32661
32933
32692
32688
34542
20886
20891
20884
34489
34488
18707
28045
33214
103
299
33969
30133
25821
4910
29481
29470
29409
29528
8028
28991
33628
21935
1462
32077
10792
31582
21549
25370
4772
14351
14353
18564
18443
18442
18587
17720
13094
13093
22097
1860
9619
18343
18335
24178
23648
26827
26824
27468
28206
28619
28617
28791
28853
29149
29151
29158
29460
31057
31216
31155
30141
30134
32151
32203
32202
421
422
761
848
2238
2230
3213
2265
3326
3420
6595
13082
14296
14299
15095
14937
14935
15834
15739
17354
18945
18898
18900
19938
21476
21479
21502
34475
34493
21781
21769
24452
22844
22843
9112
29111
32820
22658
10244
6682
11664
8630
6493
28986
21425
21475
79
4978
16206
18941
30371
30370
8903
29382
34836
34879
34878
34877
34910
18796
18886
18890
18888
18637
18738
7039
7124
7109
17391
17396
17405
8607
30288
30287
30290
30291
30308
30347
12832
28079
21744
21919
1360
401
400
852
54
3397
2313
2328
7409
7136
8097
7161
9901
12948
14755
15225
14285
17650
17651
18924
12143
21518
26580
19928
21008
28864
18624
28925
29306
29968
32212
17397
23552
21719
32330
23566
21893
21895
28101
21763
21753
35594
34180
4986
25596
8889
17281
31206
18921
18922
31202
28558
9994
17108
1979
1720
20804
7195
7194
7193
7192
6398
21882
21879
21824
30892
18918
21951
21740
20109
5368
21735
33469
413
31116
8823
28064
16974
20839
6096
21460
22040
27
31148
31151
30979
30973
18954
18952
31212
31214
32125
32124
3011
24590
16636
30927
7196
20855
20858
30924
30923
7105
7102
17372
28600
31098
31097
7180
251
250
253
17373
17378
32932
26665
20982
28548
18997
18996
10183
20968
13118
13119
7106
30596
32907
6270
7230
33285
15933
23687
32937
31191
26675
35742
17334
17333
26670
29526
31189
34548
26643
35293
35071
35032
17094
28086
3366
35049
28099
35059
17318
17317
23014
31019
31021
26647
30353
17386
17387
26626
26627
26628
35364
31159
34856
26566
26564
35308
32219
8890
31193
7197
7198
26769
29064
18844
18850
22008
22003
35129
18
32328
33106
31058
6421
34851
24405
244
18961
15076
4098
26497
15792
35911
34555
18510
31199
33943
33945
18959
703
33454
33879
13697
5544
1967
29321
28524
18963
35477
25972
33614
7191
25769
24230
35897
12941
2277
30405
6064
28126
24171
16044
21759
26622
34564
18928
12814
12751
12741
12659
30
26470
26473
27104
31320
22198
35073
18958
21813
20894
20862
15115
7248
7249
11652
4140
21651
4958
29783
30718
30083
31190
35537
20898
20811
18733
3466
109
13741
28132
33868
35590
11375
941
14158
15215
12800
11
8805
14309
6277
6945
2165
26323
8824
34827
7234
34329
35860
19224
20640
35080
19985
34559
150
18902
18943
22812
15044
19330
15165
31486
11695
14639
23708
34325
27040
32683
14625
15840
15543
35008
34994
30511
529
18930
34324
30522
10176
10283
10185
9981
9982
22931
11264
26840
11268
29072
31842
21159
18909
34301
16142
11978
816
11910
15989
17252
16325
16158
16469
17400
20929
22777
22125
22146
21894
22138
22139
22778
21788
21955
23711
26621
24445
26645
15323
23530
26606
25841
26623
26822
27956
27955
23527
27389
18881
22044
28560
1931
13043
27560
28387
28897
10278
30519
28576
28474
28181
29441
27045
29499
30717
18847
22118
29376
25411
28372
17131
30930
32015
30230
32068
31881
30368
31849
31063
31064
25422
34545
33270
29636
23510
14336
10286
10285
12853
17248
11372
